-1
108
8
252
12
56
192
0
12
99
79
36
10
60
187
120
70
203
176
205
174
84
241
148
147
115
117
90
249
-1
96
52
224
12
4
192
112
52
99
79
27
10
51
124
92
118
211
71
71
115
105
68
252
229
155
102
107
153
-1
84
48
0
12
220
60
72
232
99
48
27
21
51
62
200
220
202
168
91
178
184
30
205
23
96
163
51
67
-1
28
48
252
112
56
60
12
48
99
48
36
21
60
225
190
239
172
84
150
27
169
121
131
205
82
213
78
244
-1
28
48
252
112
56
60
12
48
99
48
36
21
60
225
190
239
172
84
150
27
169
121
131
205
82
213
78
244
-1
28
48
252
112
56
60
12
48
99
48
36
21
60
225
190
239
172
84
150
27
169
121
131
205
82
213
78
244
-1
28
48
252
112
56
60
12
48
99
48
36
21
60
225
190
239
172
84
150
27
169
121
131
205
82
213
78
244
-1
28
48
252
112
56
60
12
48
99
48
36
21
60
225
190
239
172
84
150
27
169
121
131
205
82
213
78
244
-1
28
48
252
112
56
60
12
48
99
48
36
21
60
225
190
239
172
84
150
27
169
121
131
205
82
213
78
244
-1
28
48
252
112
56
60
12
48
99
48
36
21
60
225
190
239
172
84
150
27
169
121
131
205
82
213
78
244
-1
28
48
252
112
56
60
12
48
99
48
36
21
60
225
190
239
172
84
150
27
169
121
131
205
82
213
78
244
-1
28
48
252
112
56
60
12
48
99
48
36
21
60
225
190
239
172
84
150
27
169
121
131
205
82
213
78
244
-1
28
48
252
112
56
60
12
48
99
48
36
21
60
225
190
239
172
84
150
27
169
121
131
205
82
213
78
244
-1
28
48
252
112
56
60
12
48
99
48
36
21
60
225
190
239
172
84
150
27
169
121
131
205
82
213
78
244
-1
28
48
252
112
56
60
12
48
99
48
36
21
60
225
190
239
172
84
150
27
169
121
131
205
82
213
78
244
-1
28
48
252
112
56
60
12
48
99
48
36
21
60
225
190
239
172
84
150
27
169
121
131
205
82
213
78
244
-1
28
48
252
112
56
60
12
48
99
48
36
21
60
225
190
239
172
84
150
27
169
121
131
205
82
213
78
244
-1
28
48
252
112
56
60
12
48
99
48
36
21
60
225
190
239
172
84
150
27
169
121
131
205
82
213
78
244
-1
28
48
252
112
56
60
12
48
99
48
36
21
60
225
190
239
172
84
150
27
169
121
131
205
82
213
78
244
-1
28
48
252
112
56
60
12
48
99
48
36
21
60
225
190
239
172
84
150
27
169
121
131
205
82
213
78
244
-1
28
48
252
112
56
60
12
48
99
48
36
21
60
225
190
239
172
84
150
27
169
121
131
205
82
213
78
244
-1
28
48
252
112
56
60
12
48
99
48
36
21
60
225
190
239
172
84
150
27
169
121
131
205
82
213
78
244
-1
28
48
252
112
56
60
12
48
99
48
36
21
60
225
190
239
172
84
150
27
169
121
131
205
82
213
78
244
-1
28
48
252
112
56
60
12
48
99
48
36
21
60
225
190
239
172
84
150
27
169
121
131
205
82
213
78
244
-1
28
48
252
112
56
60
12
48
99
48
36
21
60
225
190
239
172
84
150
27
169
121
131
205
82
213
78
244
-1
28
48
252
112
56
60
12
48
99
48
36
21
60
225
190
239
172
84
150
27
169
121
131
205
82
213
78
244
-1
28
48
252
112
56
60
12
48
99
48
36
21
60
225
190
239
172
84
150
27
169
121
131
205
82
213
78
244
-1
28
48
252
112
56
60
12
48
99
48
36
21
60
225
190
239
172
84
150
27
169
121
131
205
82
213
78
244
-1
28
48
252
112
56
60
12
48
99
48
36
21
60
225
190
239
172
84
150
27
169
121
131
205
82
213
78
244
-1
28
48
252
112
56
60
12
48
99
48
36
21
60
225
190
239
172
84
150
27
169
121
131
205
82
213
78
244
-1
28
48
252
112
56
60
12
48
99
48
36
21
60
225
190
239
172
84
150
27
169
121
131
205
82
213
78
244
-1
28
48
252
112
56
60
12
48
99
48
36
21
60
225
190
239
172
84
150
27
169
121
131
205
82
213
78
244
-1
28
48
252
112
56
60
12
48
99
48
36
21
60
225
190
239
172
84
150
27
169
121
131
205
82
213
78
244
-1
28
48
252
112
56
60
12
48
99
48
36
21
60
225
190
239
172
84
150
27
169
121
131
205
82
213
78
244
-1
28
48
252
112
56
60
12
48
99
48
36
21
60
225
190
239
172
84
150
27
169
121
131
205
82
213
78
244
-1
28
48
252
112
56
60
12
48
99
48
36
21
60
225
190
239
172
84
150
27
169
121
131
205
82
213
78
244
-1
28
48
252
112
56
60
12
48
99
48
36
21
60
225
190
239
172
84
150
27
169
121
131
205
82
213
78
244
-1
28
48
252
112
56
60
12
48
99
48
36
21
60
225
190
239
172
84
150
27
169
121
131
205
82
213
78
244
-1
28
48
252
112
56
60
12
48
99
48
36
21
60
225
190
239
172
84
150
27
169
121
131
205
82
213
78
244
-1
28
48
252
112
56
60
12
48
99
48
36
21
60
225
190
239
172
84
150
27
169
121
131
205
82
213
78
244
-1
28
48
252
112
56
60
12
48
99
48
36
21
60
225
190
239
172
84
150
27
169
121
131
205
82
213
78
244
-1
28
48
252
112
56
60
12
48
99
48
36
21
60
225
190
239
172
84
150
27
169
121
131
205
82
213
78
244
-1
28
48
252
112
56
60
12
48
99
48
36
21
60
225
190
239
172
84
150
27
169
121
131
205
82
213
78
244
-1
28
48
252
112
56
60
12
48
99
48
36
21
60
225
190
239
172
84
150
27
169
121
131
205
82
213
78
244
-1
28
48
252
112
56
60
12
48
99
48
36
21
60
225
190
239
172
84
150
27
169
121
131
205
82
213
78
244
-1
28
48
252
112
56
60
12
48
99
48
36
21
60
225
190
239
172
84
150
27
169
121
131
205
82
213
78
244
-1
28
48
252
112
56
60
12
48
99
48
36
21
60
225
190
239
172
84
150
27
169
121
131
205
82
213
78
244
-1
28
48
252
112
56
60
12
48
99
48
36
21
60
225
190
239
172
84
150
27
169
121
131
205
82
213
78
244
-1
28
48
252
112
56
60
12
48
99
48
36
21
60
225
190
239
172
84
150
27
169
121
131
205
82
213
78
244
-1
28
48
252
112
56
60
12
48
99
48
36
21
60
225
190
239
172
84
150
27
169
121
131
205
82
213
78
244
-1
28
48
252
112
56
60
12
48
99
48
36
21
60
225
190
239
172
84
150
27
169
121
131
205
82
213
78
244
-1
28
48
252
112
56
60
12
48
99
48
36
21
60
225
190
239
172
84
150
27
169
121
131
205
82
213
78
244
-1
28
48
252
112
56
60
12
48
99
48
36
21
60
225
190
239
172
84
150
27
169
121
131
205
82
213
78
244
-1
28
48
252
112
56
60
12
48
99
48
36
21
60
225
190
239
172
84
150
27
169
121
131
205
82
213
78
244
-1
28
48
252
112
56
60
12
48
99
48
36
21
60
225
190
239
172
84
150
27
169
121
131
205
82
213
78
244
-1
28
48
252
112
56
60
12
48
99
48
36
21
60
225
190
239
172
84
150
27
169
121
131
205
82
213
78
244
-1
28
48
252
112
56
60
12
48
99
48
36
21
60
225
190
239
172
84
150
27
169
121
131
205
82
213
78
244
-1
28
48
252
112
56
60
12
48
99
48
36
21
60
225
190
239
172
84
150
27
169
121
131
205
82
213
78
244
-1
28
48
252
112
56
60
12
48
99
48
36
21
60
225
190
239
172
84
150
27
169
121
131
205
82
213
78
244
-1
28
48
252
112
56
60
12
48
99
48
36
21
60
225
190
239
172
84
150
27
169
121
131
205
82
213
78
244
-1
28
48
252
112
56
60
12
48
99
48
36
21
60
225
190
239
172
84
150
27
169
121
131
205
82
213
78
244
-1
28
48
252
112
56
60
12
48
99
48
36
21
60
225
190
239
172
84
150
27
169
121
131
205
82
213
78
244
-1
28
48
252
112
56
60
12
48
99
48
36
21
60
225
190
239
172
84
150
27
169
121
131
205
82
213
78
244
-1
28
48
252
112
56
60
12
48
99
48
36
21
60
225
190
239
172
84
150
27
169
121
131
205
82
213
78
244
-1
28
48
252
112
56
60
12
48
99
48
36
21
60
225
190
239
172
84
150
27
169
121
131
205
82
213
78
244
-1
28
48
252
112
56
60
12
48
99
48
36
21
60
225
190
239
172
84
150
27
169
121
131
205
82
213
78
244
-1
28
48
252
112
56
60
12
48
99
48
36
21
60
225
190
239
172
84
150
27
169
121
131
205
82
213
78
244
-1
28
48
252
112
56
60
12
48
99
48
36
21
60
225
190
239
172
84
150
27
169
121
131
205
82
213
78
244
-1
28
48
252
112
56
60
12
48
99
48
36
21
60
225
190
239
172
84
150
27
169
121
131
205
82
213
78
244
-1
28
48
252
112
56
60
12
48
99
48
36
21
60
225
190
239
172
84
150
27
169
121
131
205
82
213
78
244
-1
28
48
252
112
56
60
12
48
99
48
36
21
60
225
190
239
172
84
150
27
169
121
131
205
82
213
78
244
-1
28
48
252
112
56
60
12
48
99
48
36
21
60
225
190
239
172
84
150
27
169
121
131
205
82
213
78
244
-1
28
48
252
112
56
60
12
48
99
48
36
21
60
225
190
239
172
84
150
27
169
121
131
205
82
213
78
244
-1
28
48
252
112
56
60
12
48
99
48
36
21
60
225
190
239
172
84
150
27
169
121
131
205
82
213
78
244
-1
28
48
252
112
56
60
12
48
99
48
36
21
60
225
190
239
172
84
150
27
169
121
131
205
82
213
78
244
-1
28
48
252
112
56
60
12
48
99
48
36
21
60
225
190
239
172
84
150
27
169
121
131
205
82
213
78
244
-1
28
48
252
112
56
60
12
48
99
48
36
21
60
225
190
239
172
84
150
27
169
121
131
205
82
213
78
244
-1
28
48
252
112
56
60
12
48
99
48
36
21
60
225
190
239
172
84
150
27
169
121
131
205
82
213
78
244
-1
28
48
252
112
56
60
12
48
99
48
36
21
60
225
190
239
172
84
150
27
169
121
131
205
82
213
78
244
-1
28
48
252
112
56
60
12
48
99
48
36
21
60
225
190
239
172
84
150
27
169
121
131
205
82
213
78
244
-1
28
48
252
112
56
60
12
48
99
48
36
21
60
225
190
239
172
84
150
27
169
121
131
205
82
213
78
244
-1
28
48
252
112
56
60
12
48
99
48
36
21
60
225
190
239
172
84
150
27
169
121
131
205
82
213
78
244
-1
28
48
252
112
56
60
12
48
99
48
36
21
60
225
190
239
172
84
150
27
169
121
131
205
82
213
78
244
-1
28
48
252
112
56
60
12
48
99
48
36
21
60
225
190
239
172
84
150
27
169
121
131
205
82
213
78
244
-1
28
48
252
112
56
60
12
48
99
48
36
21
60
225
190
239
172
84
150
27
169
121
131
205
82
213
78
244
-1
28
48
252
112
56
60
12
48
99
48
36
21
60
225
190
239
172
84
150
27
169
121
131
205
82
213
78
244
-1
28
48
252
112
56
60
12
48
99
48
36
21
60
225
190
239
172
84
150
27
169
121
131
205
82
213
78
244
-1
28
48
252
112
56
60
12
48
99
48
36
21
60
225
190
239
172
84
150
27
169
121
131
205
82
213
78
244
-1
28
48
252
112
56
60
12
48
99
48
36
21
60
225
190
239
172
84
150
27
169
121
131
205
82
213
78
244
-1
28
48
252
112
56
60
12
48
99
48
36
21
60
225
190
239
172
84
150
27
169
121
131
205
82
213
78
244
-1
28
48
252
112
56
60
12
48
99
48
36
21
60
225
190
239
172
84
150
27
169
121
131
205
82
213
78
244
-1
28
48
252
112
56
60
12
48
99
48
36
21
60
225
190
239
172
84
150
27
169
121
131
205
82
213
78
244
-1
28
48
252
112
56
60
12
48
99
48
36
21
60
225
190
239
172
84
150
27
169
121
131
205
82
213
78
244
-1
28
48
252
112
56
60
12
48
99
48
36
21
60
225
190
239
172
84
150
27
169
121
131
205
82
213
78
244
-1
28
48
252
112
56
60
12
48
99
48
36
21
60
225
190
239
172
84
150
27
169
121
131
205
82
213
78
244
-1
28
48
252
112
56
60
12
48
99
48
36
21
60
225
190
239
172
84
150
27
169
121
131
205
82
213
78
244
-1
28
48
252
112
56
60
12
48
99
48
36
21
60
225
190
239
172
84
150
27
169
121
131
205
82
213
78
244
-1
28
48
252
112
56
60
12
48
99
48
36
21
60
225
190
239
172
84
150
27
169
121
131
205
82
213
78
244
-1
28
48
252
112
56
60
12
48
99
48
36
21
60
225
190
239
172
84
150
27
169
121
131
205
82
213
78
244
-1
28
48
252
112
56
60
12
48
99
48
36
21
60
225
190
239
172
84
150
27
169
121
131
205
82
213
78
244
-1
28
48
252
112
56
60
12
48
99
48
36
21
60
225
190
239
172
84
150
27
169
121
131
205
82
213
78
244
-1
28
48
252
112
56
60
12
48
99
48
36
21
60
225
190
239
172
84
150
27
169
121
131
205
82
213
78
244
-1
28
48
252
112
56
60
12
48
99
48
36
21
60
225
190
239
172
84
150
27
169
121
131
205
82
213
78
244
-1
28
48
252
112
56
60
12
48
99
48
36
21
60
225
190
239
172
84
150
27
169
121
131
205
82
213
78
244
-1
28
48
252
112
56
60
12
48
99
48
36
21
60
225
190
239
172
84
150
27
169
121
131
205
82
213
78
244
-1
28
48
252
112
56
60
12
48
99
48
36
21
60
225
190
239
172
84
150
27
169
121
131
205
82
213
78
244
-1
28
48
252
112
56
60
12
48
99
48
36
21
60
225
190
239
172
84
150
27
169
121
131
205
82
213
78
244
-1
28
48
252
112
56
60
12
48
99
48
36
21
60
225
190
239
172
84
150
27
169
121
131
205
82
213
78
244
-1
28
48
252
112
56
60
12
48
99
48
36
21
60
225
190
239
172
84
150
27
169
121
131
205
82
213
78
244
-1
28
48
252
112
56
60
12
48
99
48
36
21
60
225
190
239
172
84
150
27
169
121
131
205
82
213
78
244
-1
28
48
252
112
56
60
12
48
99
48
36
21
60
225
190
239
172
84
150
27
169
121
131
205
82
213
78
244
-1
28
48
252
112
56
60
12
48
99
48
36
21
60
225
190
239
172
84
150
27
169
121
131
205
82
213
78
244
-1
28
48
252
112
56
60
12
48
99
48
36
21
60
225
190
239
172
84
150
27
169
121
131
205
82
213
78
244
-1
28
48
252
112
56
60
12
48
99
48
36
21
60
225
190
239
172
84
150
27
169
121
131
205
82
213
78
244
-1
28
48
252
112
56
60
12
48
99
48
36
21
60
225
190
239
172
84
150
27
169
121
131
205
82
213
78
244
-1
28
48
252
112
56
60
12
48
99
48
36
21
60
225
190
239
172
84
150
27
169
121
131
205
82
213
78
244
-1
28
48
252
112
56
60
12
48
99
48
36
21
60
225
190
239
172
84
150
27
169
121
131
205
82
213
78
244
-1
28
48
252
112
56
60
12
48
99
48
36
21
60
225
190
239
172
84
150
27
169
121
131
205
82
213
78
244
-1
28
48
252
112
56
60
12
48
99
48
36
21
60
225
190
239
172
84
150
27
169
121
131
205
82
213
78
244
-1
28
48
252
112
56
60
12
48
99
48
36
21
60
225
190
239
172
84
150
27
169
121
131
205
82
213
78
244
-1
28
48
252
112
56
60
12
48
99
48
36
21
60
225
190
239
172
84
150
27
169
121
131
205
82
213
78
244
-1
28
48
252
112
56
60
12
48
99
48
36
21
60
225
190
239
172
84
150
27
169
121
131
205
82
213
78
244
-1
28
48
252
112
56
60
12
48
99
48
36
21
60
225
190
239
172
84
150
27
169
121
131
205
82
213
78
244
